$ANSIBLE_VAULT;1.1;AES256
31616265363463336135656233613339323962616365366332343337306262373830643836656465
3330386364326564313162653532656238636466376463340a323030346537323230616635643134
30643762323231346462393338666165303936363031393162373838343464623463326366383565
6335653937336361630a313630653735633765356235623533646635346338393434353964663733
35343730363531386662633736373039313066313337376566383838353534323339363431393134
38393966396538646232393463333636386263636330316130343265343461343832316366383835
32336234353537316236613564323237396266626538363431303832643537636362643632376330
65393065656365386666393166393031653331363038336137336238353338666664303766306135
38323261323038646365326530393837323766613432306435646265316534356365633635363332
33626637333331633462643730653333633732366264393332326231333861333533613934333338
66333430373838666139386363306464303633626432346233383236386639313664663264343232
65656431313036373163663964613065383831393462376262633435316135363962393836313035
38313936643563646365633837333638333763376338396438326662363935366166666333656665
31383431656232376165633965343738633539386361366238376131313836656562346566343937
31326161323535313561326337636133303837346364346366616634343562613563306438346135
34343166653762353562623432653930626463353737303535626363663137626438653939373635
39656262643263323964353163373934346361323533313535646430326338656133633330323635
65613734373635663536373161383063346330663935306230303136623038633662343766616534
64336463663639643430316433333365306235306635626537636363323261636363633831356636
39326361366134653438643630613435663930323064313061323635303134313063333830666566
65346436333862326538366136323032353535666432323834373666346237373662353438393165
33353832323237306639333335643861616663643030376462383737346135313361343630343966
32376337333133643239326235363464343737616536303137633734653562323735326638383630
38323865346534623965353564663430613965303762653732636630386639383766356332356232
39393263626639656466646230646437646334336666613963363032306464323232613036636634
31386534626438313535366538383830353632356135346530343639356366316665376238636634
38356263386461646632396537363739333837343764343438653264383138333435343436366335
64333262356639616137613435636536623735383234616332386632616465333965393462633133
37343135646338646435336336366366643765336565313736393434306634326562336465646439
63616232643961333335363730663831613630353964363634333762343264666337343065643363
39353133363366323834323530633638376232646261376161373062306531313565316464373632
32306636306239623630363162303232306262623233306436363866343363393863326461323936
34376364663435346338333334373335306332333961643030333266303531386462623865646362
66316566396434316463313866373530616132303438633632346566343666386466353265333031
39373238323063353833363965653632653938613631373535326235303637633962633631343365
30326563646530633837366365663938623564623332376139316337303134303364343234623266
31336334386334626366653464363731323763316339646265633531396631373031613433346165
34363464626462633562326562343537313964626264326266633534376630623836393961386535
35633862333432643363633263616430616631386334323038623963303537376132313966613633
36396137386263633266353963373535663366313865306566393635303034336565373261373833
37623231346363666433373363386239666334613135393139313039643531376130616661363836
64393537323631653631373161396338373830643030363936616230623032663438316561303163
39636163333532623261373334373662626634386165323162326231373464323633303462613665
30653831313433313662366132633266396662363763643863653839366537653663643532336635
63376136323263336339623266386338393738396336336534613365323061323166666433313963
61353766323937633064356565353363313662323332306632383131336263396639633461373330
38313063306135396161343736303566366666336563323964643765656436343365613035633866
65643265646131373834316431333631626539363137373661346365626330333236386137343564
34356435383836626138656463646464323364363539666634376239346561613930316166333930
37316536646230353535323764663133666133353934353137333463356234396266616236623838
36326263383234626637383765366336613636646339303432616137643265646237313434656138
66653539316264386530633231313163306166363833346533666538373731303161643136663965
63313132646435663463383363303739363339303165626338636630323136636637636530316663
66373238333333376135343362363139623336373365316361633533316463313035353334303332
33363064313862313661663465636564633939366665333038653838643237666130633231346231
35636361326531653639353464613734663832643661643232633165353434303161383434323730
32363131336366643364653136353533353561613634363564626466623234636165353964323635
65633635383564306330303036303835333232643865353937343466373765363666623132343263
61333262343938343962626237303961646432663635386634376435623432363663373461316337
33666435666334313433393866613739393234323038653465663432316264653563303461346661
33303633653430663039386162316665363239663261643737633631666531646131303738393562
66316361303239343032323062373063366161653534393961643534396463666566666364353134
30623236646232393739653833386139386336663161626561633431646439346631613138316630
35313866616131613134356166356633373261666532336666363532323035626262663239626263
34653231626534323731336462336532613931363461326561623261666462323835353639393137
38626261383564343634643161373464663830306463343631633036666639336661396463333765
35613138653636336635363665356238356637303166346166623039396233613635323762646439
33393530356239313863326135643061333262613737636161326263326564333933376436646663
61656663326439663930366137643635343739623732383635326136633933373336653132623532
31326530653335636435646363613738623832376230653137333366313635623833303635343736
36613831663263633130393264663234313861386262313338643932373734616135656230653837
38316163626435333338656631613666346438353536336639666334613036346566343430376131
37646530616264656538636631383666623233383931316533616630643833396630623336386365
61613565616563633436656131646134666461376632396535333737353735623465313734393937
66343730643831376637383865636438636261643735383231363935353164343164643433333039
62363862303836643962306233646561626230333765363262633961316431376366653863313163
36343035363531653765616162326636613235656130313935623035313534646531616133363661
38623861363162333066333665383361313933313763643038643439623734353839356162663831
63366332343633346435646164666133336334643837653537373661633965626539623034666435
33613438386538396633306563306362323464663432613335343032303230613662306130633735
36653665633738393238656666373934643435313965333930356462383666326139336264373837
30376263316265383632663861333935306464656637383034393931353361353331333733666131
30333732333637313133363166363132333863313265383038343763323165343535623033333837
62363430306562363235666632353834316566356338386238353463646664343731633461313462
39343730383531316261386264653534393230386135613565663861643766333661353739353238
32376331363162653866616136313762356231396165346439633931396434393532626235326435
30616163383038626439323231393038316131313966323365313966666233383336643635316262
64363666363266303030376566613338396436343234363833656334643163303661633363396534
33366337326562323664646337663336633861306230666136643063323363383066396162663331
36633833303533383638376231313161626636663531373239366338663064316365316363396135
39343738396639373466303033383562323838633832326233643437656238626364646637343032
63656661373637353038623837303539306434303365626362326535306630333738396366326234
36383161333830636336343262373564353131373138353531333364336430373339393235666635
34313862623964646436623934343564323235376533616162613138613732623739656562646632
35383763303430626661613830343632353736376662326165326131636338363839613831663966
33633261356164663964613538356264373833383864313561323933373035366232616330643130
64393131323562623032363934313831333366373763333963366561643430663938616261313335
65623465613162303563386166653861383035663666313061373866343837373137376666666465
32623364393934653131356263393164313364336564373538623264613831656362393336646366
39613533653931373763343139363032636132346431323430643466353863656263646639663234
34613565336364643931373064376334343533333734323331346430386631656633616234383836
37346636393033316465366231316332366430373866383164303637633630323863623335623834
31346466653630303261386364663135643639313136656439313532383466643066303464336461
36313731643036633237303161396235396562376162333866633930383065646131636231356137
33333665626334623230653534343238663161356437643937333761613863646466656536363931
37663566663663376635303037353034393263633862373834303333333430346164663834356433
37313938623436613536303333643333613438653733316137616265323530616232656465363831
64396637623866663336643564616438306564626361636530393336653636643566626434616132
35313531656136656335663461316532656362333261633136363430666239353537316536313734
6537353838616634323730356432653732396131616262373765
